29996
29994
29993
29993
29993
29992
29987
29985
29985
29983
29975
29975
29971
29965
29961
29954
29953
29952
29951
29949
29948
29948
29945
29945
29944
29943
29940
29939
29936
29936
29934
29933
29932
29932
29927
29925
29925
29921
29921
29921
29918
29916
29915
29913
29912
29906
29895
29890
29886
29885
29880
29877
29875
29871
29871
29860
29859
29854
29851
29850
29837
29834
29833
29830
29829
29821
29817
29815
29813
29813
29804
29802
29797
29797
29790
29787
29786
29782
29781
29781
29780
29778
29778
29775
29772
29767
29766
29765
29764
29755
29744
29743
29742
29739
29738
29737
29735
29727
29725
29722
29718
29717
29715
29713
29713
29712
29711
29703
29697
29697
29695
29694
29694
29692
29691
29689
29689
29685
29680
29680
29679
29678
29670
29669
29668
29666
29663
29661
29658
29657
29655
29652
29646
29645
29643
29641
29639
29636
29633
29631
29631
29631
29628
29625
29622
29622
29614
29613
29610
29610
29609
29603
29592
29591
29591
29583
29582
29581
29578
29576
29574
29572
29572
29571
29570
29567
29564
29562
29562
29558
29555
29555
29554
29547
29546
29542
29533
29532
29525
29524
29524
29520
29516
29515
29508
29504
29503
29498
29498
29494
29491
29490
29482
29478
29477
29476
29471
29468
29459
29456
29448
29445
29443
29442
29441
29425
29423
29422
29421
29421
29416
29414
29412
29403
29402
29398
29395
29393
29392
29390
29386
29386
29383
29381
29376
29373
29373
29368
29367
29364
29362
29358
29357
29354
29351
29351
29348
29345
29342
29338
29330
29328
29328
29327
29327
29327
29320
29312
29309
29306
29305
29298
29294
29294
29292
29291
29289
29288
29288
29286
29285
29279
29278
29270
29269
29267
29265
29261
29261
29260
29259
29255
29253
29251
29248
29244
29240
29234
29230
29229
29225
29222
29222
29218
29215
29214
29212
29211
29211
29211
29210
29209
29205
29191
29184
29183
29180
29178
29176
29172
29165
29158
29158
29157
29156
29153
29150
29136
29136
29134
29126
29122
29119
29118
29115
29112
29110
29109
29107
29105
29102
29094
29085
29085
29080
29077
29076
29073
29066
29064
29063
29053
29051
29050
29049
29047
29045
29042
29036
29035
29031
29026
29018
29000
28996
28985
28981
28977
28976
28972
28969
28968
28968
28967
28966
28963
28962
28956
28954
28948
28946
28945
28943
28936
28934
28929
28920
28914
28913
28908
28901
28897
28895
28893
28891
28889
28885
28883
28879
28875
28874
28874
28872
28857
28854
28852
28851
28850
28849
28847
28847
28846
28840
28836
28834
28831
28830
28828
28827
28826
28823
28820
28820
28816
28812
28809
28807
28803
28798
28790
28787
28786
28784
28781
28780
28779
28777
28775
28775
28770
28764
28763
28761
28759
28757
28757
28754
28752
28750
28740
28735
28735
28731
28730
28728
28722
28720
28719
28715
28712
28711
28710
28708
28702
28700
28699
28697
28695
28694
28692
28689
28686
28685
28683
28675
28667
28663
28659
28656
28654
28652
28652
28649
28644
28640
28632
28630
28630
28629
28619
28617
28609
28603
28602
28602
28600
28600
28598
28591
28590
28588
28587
28585
28584
28579
28579
28578
28575
28575
28575
28572
28571
28570
28566
28564
28561
28550
28535
28527
28521
28520
28516
28513
28506
28505
28504
28503
28502
28502
28497
28491
28490
28489
28488
28485
28482
28475
28470
28465
28461
28456
28456
28455
28454
28450
28438
28435
28434
28434
28432
28432
28431
28426
28426
28421
28409
28404
28404
28403
28403
28402
28394
28390
28389
28388
28381
28380
28379
28379
28374
28372
28372
28372
28368
28368
28365
28359
28358
28356
28356
28352
28350
28350
28349
28347
28347
28346
28339
28338
28334
28331
28324
28324
28314
28313
28310
28310
28307
28307
28304
28289
28287
28280
28276
28275
28275
28274
28272
28272
28270
28261
28260
28259
28255
28249
28248
28247
28239
28239
28238
28237
28235
28234
28226
28223
28222
28217
28217
28215
28215
28214
28211
28208
28208
28206
28205
28204
28202
28201
28197
28195
28194
28182
28178
28175
28164
28163
28150
28149
28147
28147
28144
28141
28135
28134
28130
28130
28129
28125
28123
28122
28122
28112
28109
28106
28106
28105
28104
28101
28100
28099
28097
28092
28089
28087
28080
28079
28078
28070
28068
28068
28060
28058
28058
28048
28048
28043
28041
28041
28038
28037
28036
28029
28027
28027
28025
28025
28020
28018
28018
28014
28010
27997
27995
27993
27991
27983
27981
27981
27979
27976
27975
27963
27963
27957
27954
27953
27948
27948
27943
27942
27939
27934
27933
27930
27927
27927
27924
27922
27921
27917
27915
27915
27911
27908
27904
27904
27902
27899
27898
27897
27897
27896
27893
27891
27891
27887
27881
27874
27872
27870
27869
27867
27864
27862
27856
27851
27847
27846
27844
27838
27837
27836
27835
27832
27830
27827
27814
27812
27811
27803
27799
27799
27796
27795
27791
27791
27789
27787
27783
27782
27777
27776
27774
27774
27773
27772
27764
27763
27758
27757
27755
27747
27747
27745
27741
27740
27737
27737
27733
27732
27729
27728
27727
27725
27720
27719
27718
27718
27714
27707
27705
27691
27684
27683
27681
27677
27673
27673
27673
27666
27664
27662
27662
27659
27656
27654
27653
27652
27650
27644
27641
27641
27641
27638
27638
27633
27632
27618
27618
27617
27616
27610
27610
27606
27603
27601
27600
27594
27592
27589
27588
27576
27573
27572
27571
27570
27567
27563
27556
27553
27550
27547
27544
27543
27536
27534
27533
27532
27532
27531
27530
27522
27521
27517
27516
27516
27513
27509
27508
27505
27504
27501
27500
27499
27498
27493
27484
27482
27477
27464
27463
27454
27447
27447
27443
27440
27437
27432
27427
27425
27425
27424
27415
27414
27412
27407
27400
27395
27395
27395
27394
27390
27388
27387
27380
27378
27366
27365
27361
27345
27344
27344
27343
27343
27337
27330
27327
27318
27313
27312
27311
27305
27305
27300
27300
27299
27296
27293
27293
27290
27289
27288
27288
27281
27280
27278
27276
27267
27267
27266
27266
27252
27251
27250
27249
27248
27247
27246
27245
27243
27242
27239
27237
27237
27234
27230
27229
27229
27225
27223
27218
27217
27217
27217
27215
27213
27209
27208
27199
27191
27188
27188
27177
27176
27171
27170
27167
27160
27158
27157
27155
27154
27152
27151
27150
27148
27135
27132
27128
27128
27126
27119
27117
27117
27111
27110
27104
27103
27101
27101
27100
27100
27099
27098
27088
27085
27076
27074
27073
27072
27070
27066
27065
27061
27058
27055
27052
27051
27051
27050
27045
27042
27042
27041
27030
27030
27024
27020
27009
27007
27006
27004
26997
26996
26989
26988
26988
26986
26981
26978
26970
26970
26969
26968
26968
26954
26952
26949
26947
26947
26947
26940
26935
26933
26933
26931
26922
26918
26917
26916
26905
26904
26899
26895
26893
26890
26889
26889
26886
26884
26884
26884
26883
26883
26881
26876
26874
26874
26871
26870
26870
26867
26867
26863
26862
26858
26854
26844
26841
26836
26831
26822
26819
26813
26810
26809
26809
26808
26807
26805
26804
26802
26802
26801
26800
26799
26798
26789
26783
26779
26771
26769
26768
26763
26761
26760
26758
26758
26757
26755
26751
26743
26742
26741
26736
26733
26732
26732
26723
26720
26718
26714
26709
26709
26707
26706
26699
26697
26695
26694
26694
26693
26692
26688
26688
26678
26677
26675
26672
26664
26658
26656
26654
26649
26648
26648
26646
26645
26642
26629
26626
26623
26623
26619
26615
26614
26611
26610
26602
26602
26589
26589
26588
26587
26585
26584
26572
26569
26568
26562
26554
26552
26550
26549
26547
26545
26544
26532
26531
26527
26520
26519
26517
26515
26511
26511
26500
26499
26487
26482
26481
26481
26479
26478
26476
26475
26473
26471
26471
26470
26469
26469
26469
26467
26466
26460
26451
26448
26447
26447
26445
26440
26438
26430
26426
26423
26421
26413
26412
26411
26409
26405
26403
26402
26401
26398
26395
26394
26390
26389
26389
26380
26377
26377
26377
26377
26373
26371
26360
26359
26356
26346
26345
26344
26326
26326
26326
26323
26309
26307
26302
26302
26302
26290
26290
26286
26286
26285
26284
26284
26283
26279
26275
26275
26271
26270
26268
26265
26264
26263
26262
26262
26262
26261
26259
26259
26252
26241
26237
26236
26231
26225
26225
26224
26219
26218
26218
26217
26216
26204
26202
26198
26198
26192
26192
26191
26188
26186
26184
26184
26183
26179
26177
26177
26177
26171
26171
26162
26160
26158
26152
26151
26148
26137
26134
26134
26132
26129
26121
26119
26118
26115
26113
26112
26110
26100
26095
26094
26094
26092
26092
26090
26090
26087
26079
26078
26076
26071
26070
26064
26062
26055
26054
26050
26048
26048
26048
26047
26047
26039
26038
26038
26035
26034
26034
26030
26016
26010
26004
26000
25998
25998
25996
25994
25994
25993
25989
25988
25987
25984
25980
25978
25978
25975
25969
25961
25958
25955
25953
25952
25949
25948
25941
25937
25934
25933
25929
25928
25928
25920
25920
25914
25914
25913
25903
25895
25894
25893
25893
25892
25889
25882
25879
25875
25873
25871
25866
25862
25861
25855
25853
25850
25848
25843
25841
25829
25824
25823
25823
25818
25816
25813
25805
25804
25799
25797
25795
25783
25782
25778
25774
25773
25772
25769
25768
25762
25761
25760
25759
25754
25752
25750
25746
25744
25740
25740
25739
25736
25734
25732
25726
25725
25724
25724
25721
25715
25712
25711
25706
25702
25702
25701
25699
25695
25695
25693
25689
25688
25687
25679
25678
25677
25676
25676
25673
25673
25673
25671
25671
25670
25668
25664
25657
25651
25650
25648
25642
25641
25630
25626
25622
25619
25615
25611
25608
25605
25603
25603
25601
25599
25594
25591
25589
25589
25589
25584
25580
25578
25575
25564
25561
25556
25555
25555
25552
25552
25550
25549
25542
25539
25538
25531
25530
25528
25523
25520
25513
25511
25508
25497
25496
25490
25489
25489
25485
25483
25481
25476
25475
25475
25471
25471
25471
25467
25461
25449
25448
25445
25444
25444
25441
25440
25438
25438
25438
25429
25425
25421
25419
25417
25417
25414
25413
25405
25396
25394
25390
25390
25389
25386
25385
25381
25381
25377
25375
25369
25368
25362
25356
25353
25353
25348
25345
25345
25341
25332
25330
25322
25309
25309
25305
25302
25300
25300
25292
25288
25287
25284
25282
25272
25267
25267
25267
25260
25259
25257
25250
25250
25245
25238
25231
25228
25224
25221
25220
25219
25214
25203
25193
25191
25188
25187
25184
25181
25174
25173
25173
25171
25168
25164
25163
25160
25155
25152
25146
25144
25144
25143
25140
25138
25138
25130
25124
25121
25117
25112
25098
25097
25097
25095
25093
25089
25088
25070
25068
25066
25062
25058
25048
25046
25044
25042
25039
25036
25034
25025
25025
25021
25021
25020
25019
25018
25018
25015
25010
25008
25006
25005
25004
25003
24998
24998
24998
24993
24993
24984
24983
24975
24973
24967
24967
24966
24966
24959
24958
24955
24952
24945
24939
24938
24937
24935
24933
24932
24929
24923
24920
24915
24915
24914
24914
24912
24912
24912
24910
24905
24905
24901
24897
24897
24890
24888
24887
24884
24880
24878
24872
24866
24861
24861
24860
24860
24856
24855
24854
24850
24847
24844
24835
24831
24826
24825
24824
24816
24814
24814
24813
24811
24806
24803
24802
24800
24798
24794
24794
24782
24779
24779
24778
24772
24771
24769
24766
24758
24753
24749
24749
24748
24745
24745
24739
24737
24735
24731
24725
24724
24719
24719
24717
24716
24716
24716
24709
24707
24706
24700
24699
24697
24693
24693
24684
24676
24676
24660
24658
24651
24644
24641
24639
24635
24632
24632
24631
24627
24625
24622
24621
24616
24611
24610
24609
24607
24602
24593
24593
24591
24588
24587
24578
24578
24573
24573
24565
24564
24562
24562
24548
24546
24545
24545
24543
24541
24541
24540
24536
24532
24524
24522
24520
24518
24517
24513
24503
24500
24495
24494
24488
24486
24485
24482
24481
24480
24477
24477
24474
24474
24465
24464
24463
24461
24461
24459
24450
24450
24444
24441
24440
24435
24435
24431
24427
24425
24424
24424
24416
24413
24411
24407
24407
24401
24401
24400
24392
24392
24392
24386
24384
24382
24380
24378
24368
24363
24357
24353
24353
24346
24346
24339
24337
24337
24328
24327
24323
24315
24313
24312
24310
24308
24308
24308
24303
24302
24300
24295
24295
24290
24287
24286
24284
24283
24283
24282
24281
24280
24275
24275
24272
24270
24269
24261
24261
24261
24257
24250
24250
24242
24239
24235
24234
24233
24233
24229
24225
24223
24216
24214
24213
24212
24212
24209
24208
24202
24196
24195
24183
24181
24177
24175
24171
24169
24168
24168
24167
24166
24157
24150
24150
24148
24146
24145
24143
24143
24141
24139
24137
24128
24125
24125
24123
24121
24121
24113
24112
24103
24103
24097
24097
24094
24088
24081
24076
24074
24072
24063
24062
24059
24058
24052
24050
24046
24045
24040
24039
24038
24020
24016
24013
24012
24001
23991
23990
23988
23985
23984
23980
23980
23979
23977
23972
23971
23966
23965
23964
23964
23961
23960
23958
23953
23952
23949
23944
23944
23934
23932
23929
23924
23921
23920
23915
23910
23909
23907
23901
23898
23897
23895
23889
23888
23887
23886
23885
23877
23872
23870
23866
23865
23864
23863
23860
23853
23852
23852
23850
23844
23844
23843
23842
23837
23833
23827
23825
23822
23815
23814
23810
23805
23804
23800
23799
23797
23796
23792
23786
23786
23783
23776
23775
23769
23769
23769
23761
23760
23760
23756
23755
23747
23746
23746
23746
23745
23744
23743
23731
23729
23727
23723
23719
23715
23715
23714
23711
23709
23708
23699
23698
23689
23683
23680
23671
23669
23668
23663
23663
23661
23652
23650
23647
23643
23642
23642
23633
23633
23632
23632
23632
23630
23627
23625
23625
23624
23624
23623
23623
23622
23617
23616
23611
23610
23605
23602
23596
23593
23591
23590
23585
23585
23582
23578
23576
23576
23573
23571
23570
23569
23566
23564
23563
23559
23559
23558
23554
23546
23542
23533
23532
23530
23529
23528
23527
23524
23518
23517
23516
23513
23511
23510
23509
23507
23507
23505
23502
23493
23488
23483
23481
23477
23473
23471
23463
23463
23462
23459
23457
23453
23453
23450
23443
23443
23439
23435
23429
23422
23422
23421
23420
23414
23414
23402
23398
23396
23395
23380
23379
23373
23372
23372
23371
23367
23360
23356
23353
23344
23340
23337
23335
23335
23333
23327
23326
23321
23321
23320
23312
23311
23308
23307
23305
23303
23295
23292
23289
23285
23283
23277
23267
23260
23258
23252
23251
23247
23246
23244
23243
23240
23237
23227
23223
23223
23220
23219
23215
23214
23212
23206
23203
23202
23199
23198
23195
23195
23186
23183
23180
23179
23178
23174
23170
23168
23165
23165
23159
23158
23155
23149
23149
23148
23145
23144
23136
23133
23126
23126
23120
23117
23114
23114
23114
23100
23095
23095
23092
23092
23084
23075
23075
23073
23072
23067
23052
23050
23049
23048
23047
23039
23035
23033
23026
23020
23017
23017
23014
23006
23005
23000
22997
22995
22994
22989
22985
22981
22979
22979
22975
22975
22974
22973
22971
22969
22965
22963
22961
22960
22957
22957
22953
22951
22951
22944
22941
22937
22936
22931
22931
22927
22925
22920
22912
22911
22910
22906
22903
22899
22899
22897
22894
22892
22890
22883
22882
22879
22878
22877
22874
22866
22859
22857
22856
22851
22851
22849
22848
22845
22835
22831
22830
22828
22826
22825
22821
22821
22818
22817
22815
22815
22814
22811
22810
22809
22809
22807
22803
22802
22801
22793
22787
22785
22780
22779
22770
22761
22757
22757
22752
22748
22747
22743
22743
22741
22739
22736
22725
22721
22721
22716
22716
22716
22715
22711
22711
22707
22704
22704
22704
22695
22692
22690
22688
22687
22687
22684
22678
22675
22673
22670
22665
22665
22662
22652
22639
22637
22636
22636
22634
22632
22630
22629
22628
22626
22625
22624
22623
22621
22614
22614
22606
22601
22592
22590
22584
22583
22580
22580
22579
22577
22561
22557
22555
22553
22541
22538
22538
22528
22527
22526
22519
22518
22517
22511
22511
22510
22509
22509
22508
22508
22506
22494
22490
22488
22487
22486
22480
22479
22475
22459
22457
22447
22446
22442
22441
22435
22433
22433
22429
22428
22424
22422
22415
22415
22415
22405
22404
22403
22401
22400
22399
22397
22395
22395
22391
22387
22385
22385
22383
22381
22380
22378
22374
22368
22360
22360
22355
22352
22341
22340
22335
22330
22327
22327
22327
22326
22319
22304
22300
22297
22296
22289
22288
22288
22284
22279
22275
22259
22258
22248
22248
22241
22239
22237
22235
22214
22210
22209
22205
22202
22196
22195
22191
22186
22179
22176
22175
22175
22174
22173
22172
22169
22166
22165
22164
22164
22162
22159
22158
22157
22155
22153
22148
22146
22143
22138
22136
22134
22132
22131
22128
22126
22125
22123
22121
22118
22118
22117
22111
22102
22099
22098
22098
22092
22089
22082
22080
22076
22072
22068
22065
22065
22064
22064
22063
22060
22059
22057
22055
22054
22050
22050
22050
22047
22046
22045
22042
22042
22042
22040
22036
22035
22031
22025
22025
22023
22022
22020
22013
22009
22009
22008
22006
22004
22004
22003
22003
22002
21995
21995
21994
21993
21989
21988
21986
21985
21984
21981
21971
21968
21964
21958
21958
21953
21946
21945
21945
21937
21933
21926
21923
21923
21922
21921
21920
21920
21918
21918
21915
21911
21909
21908
21907
21904
21893
21889
21887
21884
21881
21880
21873
21872
21869
21869
21865
21863
21860
21860
21856
21855
21851
21843
21841
21836
21831
21829
21827
21826
21823
21817
21815
21814
21804
21802
21801
21800
21797
21793
21792
21791
21791
21790
21790
21783
21780
21778
21765
21763
21751
21751
21750
21746
21745
21744
21741
21739
21739
21737
21736
21729
21729
21727
21720
21718
21717
21715
21709
21706
21706
21705
21702
21701
21701
21692
21691
21688
21685
21680
21678
21668
21657
21656
21654
21653
21639
21625
21623
21615
21607
21607
21604
21600
21596
21596
21595
21588
21586
21581
21579
21578
21573
21572
21569
21568
21567
21567
21561
21559
21557
21551
21549
21549
21547
21544
21543
21541
21538
21532
21518
21517
21516
21516
21507
21498
21494
21494
21493
21489
21486
21485
21485
21481
21480
21478
21476
21473
21473
21467
21467
21463
21463
21457
21456
21455
21447
21447
21442
21441
21437
21436
21433
21432
21429
21423
21420
21414
21414
21411
21411
21406
21403
21403
21402
21399
21398
21396
21393
21388
21385
21381
21380
21380
21379
21379
21378
21375
21374
21365
21364
21360
21359
21356
21352
21350
21345
21343
21342
21342
21339
21333
21329
21328
21328
21326
21323
21322
21322
21318
21316
21315
21315
21313
21310
21307
21306
21297
21295
21286
21284
21281
21276
21275
21273
21272
21266
21261
21255
21249
21246
21237
21237
21232
21231
21230
21228
21224
21223
21216
21207
21202
21202
21194
21192
21190
21186
21178
21175
21173
21173
21163
21162
21162
21158
21156
21148
21141
21140
21138
21134
21132
21132
21131
21126
21125
21120
21119
21117
21115
21112
21110
21104
21104
21100
21100
21096
21095
21095
21094
21093
21092
21088
21086
21084
21082
21080
21078
21077
21064
21063
21060
21059
21058
21057
21056
21053
21051
21046
21045
21044
21041
21040
21040
21038
21029
21027
21019
21017
21013
21007
21006
21003
21001
21000
20989
20986
20983
20982
20977
20977
20974
20971
20968
20958
20955
20953
20950
20948
20946
20945
20943
20939
20938
20928
20926
20921
20916
20915
20914
20913
20911
20910
20907
20894
20893
20891
20890
20889
20888
20887
20883
20882
20882
20872
20870
20870
20868
20865
20864
20863
20856
20854
20850
20850
20847
20846
20845
20841
20838
20827
20825
20824
20824
20822
20818
20805
20801
20797
20796
20790
20786
20785
20782
20777
20774
20765
20762
20760
20759
20758
20757
20756
20752
20746
20746
20745
20745
20740
20737
20735
20725
20712
20712
20710
20710
20709
20706
20703
20696
20694
20694
20691
20688
20688
20674
20667
20666
20663
20662
20654
20652
20650
20642
20641
20637
20635
20629
20618
20611
20608
20605
20605
20603
20599
20581
20579
20578
20577
20570
20568
20563
20559
20559
20557
20552
20544
20542
20541
20534
20534
20531
20526
20525
20524
20523
20518
20514
20508
20508
20503
20501
20497
20493
20487
20487
20487
20478
20473
20471
20469
20465
20458
20457
20452
20452
20448
20448
20445
20445
20443
20440
20438
20433
20432
20428
20427
20427
20426
20423
20419
20416
20409
20408
20407
20406
20405
20401
20400
20400
20394
20393
20392
20391
20389
20388
20386
20385
20383
20379
20375
20375
20375
20360
20357
20357
20354
20352
20342
20339
20338
20329
20326
20322
20322
20321
20318
20317
20312
20304
20303
20301
20298
20295
20295
20294
20294
20294
20292
20292
20289
20288
20285
20284
20282
20281
20280
20280
20279
20278
20275
20270
20270
20269
20269
20266
20264
20260
20253
20244
20243
20242
20242
20241
20240
20237
20236
20232
20226
20213
20213
20206
20206
20195
20194
20190
20184
20182
20182
20180
20175
20175
20168
20165
20165
20158
20153
20150
20149
20143
20142
20142
20139
20132
20130
20128
20127
20124
20115
20114
20114
20107
20096
20095
20092
20092
20092
20092
20090
20089
20086
20085
20076
20076
20073
20069
20062
20059
20055
20048
20043
20030
20023
20017
20015
20013
20012
20010
20009
20008
20008
20007
20005
20002
19999
19995
19994
19990
19988
19988
19983
19977
19976
19974
19973
19967
19962
19961
19955
19953
19952
19952
19951
19947
19947
19946
19942
19932
19916
19916
19913
19912
19910
19910
19908
19904
19903
19894
19887
19885
19884
19884
19884
19880
19879
19872
19871
19871
19870
19868
19863
19863
19852
19844
19844
19842
19839
19834
19833
19833
19832
19827
19825
19825
19824
19822
19821
19818
19815
19815
19812
19810
19807
19805
19801
19798
19795
19790
19790
19785
19785
19785
19784
19775
19774
19773
19770
19769
19769
19767
19767
19767
19764
19764
19762
19761
19756
19751
19749
19737
19734
19730
19727
19724
19722
19719
19719
19716
19715
19714
19713
19711
19708
19706
19705
19703
19703
19700
19699
19698
19698
19696
19696
19695
19690
19689
19682
19681
19678
19677
19675
19675
19673
19671
19669
19667
19666
19658
19652
19650
19639
19638
19631
19630
19618
19617
19616
19613
19611
19611
19611
19609
19609
19608
19606
19605
19602
19601
19600
19593
19583
19580
19580
19578
19567
19562
19560
19557
19553
19551
19551
19550
19549
19534
19534
19533
19532
19531
19529
19529
19527
19524
19524
19521
19517
19514
19511
19511
19506
19504
19500
19496
19495
19486
19469
19467
19467
19462
19460
19450
19442
19437
19436
19432
19432
19431
19431
19426
19415
19413
19413
19409
19408
19406
19404
19401
19401
19401
19400
19398
19397
19396
19393
19391
19389
19386
19384
19384
19384
19379
19378
19377
19374
19366
19363
19361
19356
19355
19348
19346
19346
19344
19344
19343
19338
19333
19331
19330
19329
19315
19315
19314
19313
19312
19310
19306
19302
19301
19300
19299
19298
19294
19293
19289
19288
19287
19287
19280
19268
19267
19267
19266
19264
19251
19248
19246
19239
19234
19231
19227
19224
19223
19222
19222
19218
19216
19208
19203
19197
19186
19183
19182
19182
19179
19174
19174
19170
19169
19168
19168
19167
19165
19163
19162
19162
19161
19158
19155
19154
19154
19154
19150
19149
19143
19141
19139
19137
19136
19136
19130
19127
19122
19119
19118
19115
19109
19107
19103
19103
19099
19099
19097
19095
19094
19091
19089
19088
19079
19076
19067
19067
19067
19062
19053
19047
19043
19037
19037
19029
19028
19027
19023
19023
19018
19013
19011
19011
19007
19000
18997
18996
18987
18986
18982
18981
18977
18977
18976
18976
18976
18975
18969
18969
18963
18961
18961
18957
18951
18946
18945
18945
18944
18933
18930
18926
18923
18915
18912
18906
18905
18895
18893
18890
18887
18886
18884
18883
18879
18877
18876
18867
18865
18860
18856
18854
18854
18839
18826
18825
18825
18822
18820
18820
18820
18820
18818
18817
18815
18813
18812
18812
18807
18806
18801
18801
18800
18792
18789
18785
18770
18770
18763
18762
18761
18757
18752
18749
18744
18728
18725
18705
18701
18690
18687
18683
18680
18679
18676
18670
18666
18664
18662
18659
18652
18645
18644
18640
18639
18635
18633
18633
18632
18627
18623
18623
18622
18620
18615
18613
18611
18610
18602
18600
18594
18589
18588
18571
18570
18570
18568
18565
18558
18558
18557
18556
18552
18552
18546
18543
18540
18539
18537
18536
18534
18534
18531
18524
18518
18516
18516
18512
18512
18512
18502
18502
18501
18499
18498
18497
18495
18490
18485
18483
18480
18479
18473
18466
18461
18458
18450
18449
18444
18440
18440
18436
18435
18432
18426
18425
18423
18413
18406
18404
18404
18400
18392
18388
18380
18366
18365
18360
18359
18358
18352
18352
18348
18346
18345
18344
18342
18336
18321
18313
18310
18308
18307
18307
18306
18302
18302
18301
18300
18297
18296
18295
18295
18288
18283
18281
18280
18277
18273
18273
18268
18266
18262
18259
18256
18249
18249
18246
18241
18240
18240
18239
18238
18235
18234
18234
18234
18230
18226
18225
18222
18220
18217
18217
18199
18199
18191
18190
18190
18186
18185
18181
18180
18179
18176
18175
18173
18173
18172
18171
18170
18164
18163
18153
18152
18151
18151
18150
18150
18149
18149
18148
18146
18145
18142
18139
18138
18134
18131
18127
18120
18119
18115
18113
18113
18111
18100
18094
18089
18086
18083
18082
18078
18075
18071
18068
18068
18065
18064
18062
18060
18058
18057
18055
18054
18051
18051
18051
18046
18043
18042
18029
18024
18024
18021
18020
18020
18015
18008
18005
18005
18003
18002
17991
17984
17972
17971
17969
17968
17967
17967
17962
17962
17961
17959
17959
17959
17957
17956
17955
17953
17951
17950
17950
17949
17948
17947
17945
17939
17934
17933
17931
17925
17922
17921
17919
17919
17918
17913
17910
17903
17902
17900
17898
17897
17897
17896
17894
17894
17894
17894
17892
17886
17883
17882
17879
17877
17874
17873
17864
17863
17863
17856
17855
17855
17855
17853
17853
17851
17850
17849
17848
17845
17844
17844
17838
17836
17825
17824
17824
17823
17822
17816
17816
17813
17810
17810
17807
17802
17797
17794
17789
17786
17785
17784
17774
17773
17772
17770
17765
17764
17764
17763
17762
17762
17758
17756
17754
17751
17748
17746
17742
17735
17734
17729
17725
17725
17724
17720
17716
17716
17713
17712
17712
17704
17703
17701
17690
17690
17690
17688
17683
17682
17678
17678
17677
17676
17675
17672
17671
17664
17661
17658
17657
17657
17656
17655
17655
17653
17652
17651
17644
17642
17642
17640
17639
17631
17629
17620
17620
17619
17616
17612
17606
17603
17603
17601
17596
17588
17587
17586
17585
17580
17579
17579
17577
17576
17573
17573
17565
17564
17563
17552
17543
17542
17535
17535
17534
17533
17526
17526
17524
17513
17509
17506
17499
17498
17495
17494
17489
17482
17478
17471
17471
17469
17468
17467
17454
17454
17451
17451
17448
17448
17442
17439
17438
17438
17437
17437
17430
17430
17427
17427
17423
17422
17421
17413
17407
17405
17403
17399
17396
17395
17388
17388
17388
17383
17375
17374
17366
17361
17358
17354
17350
17343
17336
17333
17332
17328
17325
17324
17323
17319
17318
17303
17296
17295
17294
17291
17287
17286
17286
17285
17281
17271
17267
17267
17267
17257
17255
17251
17249
17249
17244
17243
17243
17238
17232
17231
17229
17229
17223
17219
17213
17213
17211
17210
17210
17208
17208
17207
17202
17200
17196
17195
17194
17193
17188
17180
17175
17172
17167
17163
17161
17160
17151
17151
17147
17146
17144
17130
17129
17127
17126
17126
17124
17121
17120
17118
17118
17117
17112
17107
17105
17097
17089
17088
17085
17085
17082
17080
17080
17079
17077
17068
17068
17058
17046
17037
17036
17035
17033
17032
17027
17025
17024
17018
17017
17007
17001
16997
16994
16989
16989
16989
16988
16984
16974
16957
16956
16945
16944
16941
16936
16935
16933
16930
16930
16927
16922
16916
16915
16913
16912
16912
16912
16910
16904
16902
16897
16885
16882
16878
16877
16876
16865
16861
16853
16851
16850
16843
16843
16841
16841
16833
16832
16820
16818
16818
16815
16812
16812
16810
16802
16801
16800
16798
16797
16796
16794
16788
16786
16785
16777
16777
16768
16765
16760
16758
16758
16757
16757
16755
16752
16748
16746
16742
16739
16736
16735
16734
16729
16728
16726
16724
16716
16716
16712
16709
16708
16705
16705
16704
16704
16698
16695
16694
16694
16691
16689
16686
16667
16660
16659
16659
16658
16658
16652
16652
16651
16644
16643
16643
16637
16635
16631
16628
16627
16625
16625
16622
16622
16622
16621
16617
16615
16610
16605
16602
16600
16596
16594
16589
16588
16584
16581
16578
16573
16568
16568
16567
16566
16565
16563
16554
16545
16541
16539
16535
16534
16527
16525
16521
16521
16518
16518
16517
16516
16512
16512
16510
16506
16503
16499
16497
16495
16489
16487
16479
16476
16474
16466
16464
16463
16462
16462
16460
16457
16457
16453
16451
16447
16447
16443
16439
16438
16427
16425
16424
16421
16418
16416
16414
16413
16407
16404
16403
16402
16400
16395
16394
16375
16371
16365
16365
16357
16357
16356
16355
16352
16351
16351
16350
16347
16340
16340
16339
16334
16332
16322
16322
16321
16313
16311
16303
16303
16302
16301
16301
16299
16295
16292
16289
16287
16286
16283
16280
16279
16278
16278
16275
16274
16265
16264
16264
16264
16263
16257
16257
16255
16250
16241
16238
16233
16227
16224
16223
16223
16221
16219
16218
16216
16215
16210
16207
16204
16203
16201
16198
16192
16189
16185
16184
16182
16181
16178
16165
16165
16162
16159
16149
16149
16147
16146
16144
16141
16140
16136
16134
16134
16134
16134
16127
16123
16123
16121
16105
16098
16097
16094
16089
16077
16076
16075
16075
16074
16074
16066
16062
16061
16061
16061
16057
16055
16054
16050
16050
16049
16045
16035
16029
16027
16027
16018
16014
16014
16012
16012
16009
16000
15999
15998
15990
15989
15988
15984
15982
15982
15981
15975
15970
15963
15963
15963
15962
15960
15958
15957
15957
15952
15948
15945
15942
15938
15931
15923
15916
15914
15912
15912
15904
15902
15901
15899
15896
15896
15895
15889
15888
15881
15879
15876
15875
15866
15864
15863
15862
15862
15861
15855
15852
15845
15845
15844
15844
15842
15842
15836
15827
15822
15821
15819
15817
15817
15812
15811
15807
15805
15805
15801
15800
15797
15797
15796
15787
15783
15781
15780
15780
15772
15770
15765
15763
15752
15746
15746
15744
15743
15740
15738
15734
15730
15730
15727
15726
15724
15722
15721
15718
15718
15714
15710
15709
15709
15708
15705
15700
15698
15692
15690
15690
15688
15682
15679
15676
15672
15671
15671
15670
15668
15659
15658
15653
15649
15649
15649
15647
15645
15644
15641
15640
15636
15628
15624
15622
15621
15621
15620
15614
15605
15599
15598
15592
15590
15588
15584
15584
15582
15575
15574
15572
15569
15568
15566
15565
15559
15555
15546
15545
15544
15539
15537
15535
15535
15532
15532
15526
15524
15520
15517
15505
15503
15501
15501
15500
15495
15486
15479
15469
15469
15460
15459
15459
15456
15456
15454
15454
15453
15449
15448
15447
15441
15440
15439
15435
15431
15426
15419
15416
15410
15408
15407
15407
15405
15399
15399
15391
15390
15383
15381
15379
15376
15374
15368
15367
15363
15361
15358
15357
15343
15342
15341
15340
15340
15339
15337
15335
15334
15329
15328
15326
15322
15322
15320
15314
15311
15301
15300
15298
15288
15288
15287
15281
15275
15274
15271
15269
15268
15268
15266
15264
15264
15262
15260
15260
15260
15251
15247
15242
15241
15237
15233
15230
15229
15220
15218
15217
15217
15214
15213
15207
15204
15202
15200
15199
15197
15197
15196
15193
15191
15190
15186
15185
15172
15170
15170
15165
15157
15156
15151
15137
15136
15135
15119
15115
15114
15114
15114
15114
15111
15109
15103
15100
15098
15098
15097
15097
15094
15091
15084
15083
15082
15077
15073
15072
15071
15061
15057
15056
15051
15049
15043
15041
15041
15041
15039
15039
15035
15035
15034
15027
15026
15025
15021
15020
15020
15019
15018
15017
15014
15011
15011
15010
15007
15005
15002
15001
14999
14997
14996
14990
14985
14977
14974
14973
14968
14966
14966
14963
14962
14959
14953
14952
14949
14945
14943
14941
14938
14932
14932
14929
14928
14928
14928
14921
14920
14917
14904
14901
14894
14892
14892
14887
14876
14874
14873
14868
14865
14864
14860
14859
14855
14854
14853
14850
14847
14842
14841
14839
14832
14828
14826
14821
14820
14819
14819
14817
14811
14810
14803
14803
14792
14791
14787
14787
14784
14779
14778
14773
14771
14763
14761
14752
14748
14744
14742
14739
14732
14730
14730
14729
14729
14726
14724
14721
14721
14716
14716
14715
14706
14697
14697
14691
14686
14681
14679
14678
14678
14667
14666
14666
14657
14657
14654
14648
14641
14639
14632
14631
14630
14622
14622
14617
14615
14610
14598
14598
14597
14596
14594
14594
14591
14591
14587
14587
14587
14584
14583
14582
14577
14572
14570
14563
14562
14557
14555
14554
14547
14545
14542
14539
14539
14532
14531
14522
14521
14518
14518
14517
14516
14513
14513
14510
14510
14500
14498
14498
14493
14492
14489
14489
14488
14488
14488
14486
14486
14486
14482
14474
14472
14469
14466
14466
14465
14461
14458
14457
14455
14455
14452
14451
14450
14443
14443
14442
14441
14439
14438
14431
14420
14417
14414
14413
14412
14409
14407
14404
14400
14397
14395
14394
14393
14392
14392
14391
14387
14384
14383
14382
14380
14378
14377
14374
14371
14370
14351
14349
14349
14347
14335
14331
14329
14329
14321
14321
14321
14319
14319
14317
14302
14282
14282
14281
14280
14278
14278
14277
14276
14275
14274
14269
14265
14264
14254
14252
14251
14249
14249
14249
14246
14242
14240
14239
14238
14237
14236
14234
14226
14226
14225
14221
14219
14219
14216
14212
14212
14209
14209
14209
14207
14204
14204
14199
14198
14194
14191
14185
14183
14177
14170
14168
14158
14155
14151
14147
14142
14136
14131
14127
14125
14117
14109
14108
14105
14104
14101
14100
14091
14077
14077
14075
14074
14067
14065
14065
14065
14064
14062
14062
14059
14059
14055
14041
14036
14028
14022
14017
14011
14008
14004
14004
14003
14000
14000
13999
13998
13996
13994
13990
13985
13979
13974
13971
13968
13959
13953
13953
13952
13946
13942
13936
13935
13932
13928
13923
13923
13922
13916
13915
13913
13911
13896
13889
13877
13877
13875
13871
13871
13867
13867
13861
13858
13855
13850
13847
13840
13839
13833
13833
13833
13831
13826
13824
13824
13820
13814
13808
13799
13792
13790
13778
13776
13776
13775
13773
13765
13760
13756
13744
13742
13742
13733
13733
13731
13728
13728
13726
13725
13719
13716
13710
13705
13701
13700
13699
13698
13694
13689
13687
13687
13682
13681
13679
13678
13669
13668
13662
13661
13655
13650
13645
13644
13632
13626
13626
13625
13625
13622
13621
13621
13617
13613
13608
13608
13603
13590
13587
13584
13580
13580
13580
13579
13574
13570
13568
13568
13559
13558
13551
13546
13542
13541
13537
13534
13533
13522
13516
13513
13509
13504
13500
13498
13497
13494
13493
13493
13492
13490
13490
13489
13487
13480
13478
13478
13477
13475
13473
13473
13470
13469
13468
13466
13465
13463
13463
13462
13457
13456
13453
13446
13444
13444
13436
13426
13425
13423
13419
13419
13410
13404
13399
13398
13398
13396
13391
13391
13383
13382
13380
13378
13376
13372
13371
13367
13366
13365
13360
13360
13359
13358
13350
13350
13347
13345
13345
13341
13340
13340
13338
13336
13333
13332
13327
13326
13325
13323
13322
13315
13315
13314
13314
13308
13304
13302
13300
13294
13292
13287
13286
13285
13284
13283
13277
13272
13271
13271
13269
13267
13266
13264
13261
13260
13257
13254
13252
13248
13247
13246
13244
13237
13237
13233
13231
13231
13229
13229
13222
13218
13217
13215
13213
13212
13212
13211
13210
13209
13208
13208
13208
13208
13200
13195
13194
13190
13178
13178
13177
13175
13171
13170
13170
13170
13163
13156
13155
13155
13154
13151
13151
13149
13146
13144
13140
13130
13129
13127
13126
13126
13125
13125
13124
13122
13120
13118
13114
13111
13105
13102
13098
13097
13095
13093
13089
13088
13087
13081
13079
13075
13069
13068
13064
13056
13052
13051
13051
13046
13039
13039
13036
13033
13029
13028
13023
13022
13018
13016
13010
13006
13005
13004
13004
13004
13003
13002
12996
12989
12988
12987
12984
12984
12982
12980
12976
12973
12970
12970
12969
12964
12962
12959
12955
12953
12951
12950
12947
12943
12942
12940
12939
12939
12937
12935
12935
12932
12932
12930
12930
12929
12927
12926
12925
12922
12920
12915
12910
12909
12907
12903
12902
12902
12902
12900
12898
12897
12895
12895
12893
12893
12892
12892
12889
12888
12887
12886
12882
12879
12868
12866
12866
12861
12857
12857
12850
12850
12849
12847
12843
12843
12841
12838
12836
12834
12831
12827
12824
12824
12822
12821
12816
12812
12810
12808
12808
12808
12806
12803
12802
12801
12799
12799
12797
12796
12796
12794
12794
12794
12793
12790
12788
12786
12781
12774
12773
12770
12770
12767
12762
12761
12761
12760
12758
12752
12742
12741
12741
12740
12737
12735
12733
12731
12730
12725
12724
12721
12713
12706
12700
12689
12687
12682
12678
12677
12674
12674
12671
12670
12666
12660
12660
12660
12658
12640
12636
12636
12626
12626
12623
12621
12620
12616
12616
12615
12615
12614
12609
12603
12603
12603
12597
12591
12590
12589
12588
12586
12584
12579
12578
12574
12567
12565
12564
12563
12558
12554
12550
12550
12549
12543
12542
12541
12540
12537
12531
12530
12527
12527
12522
12516
12513
12512
12510
12504
12498
12497
12497
12494
12492
12490
12489
12482
12481
12479
12470
12466
12456
12453
12452
12450
12449
12449
12444
12443
12443
12443
12437
12434
12433
12431
12429
12426
12420
12413
12412
12412
12409
12409
12402
12399
12391
12390
12389
12388
12388
12387
12387
12386
12385
12384
12381
12375
12372
12368
12367
12363
12358
12349
12346
12345
12342
12338
12337
12336
12335
12332
12326
12322
12320
12317
12314
12310
12308
12304
12304
12302
12294
12293
12292
12291
12286
12285
12285
12285
12283
12283
12282
12279
12278
12276
12276
12273
12272
12270
12264
12264
12263
12259
12256
12255
12254
12249
12249
12244
12240
12238
12236
12233
12233
12232
12231
12228
12225
12220
12217
12207
12206
12203
12198
12197
12184
12182
12179
12178
12174
12170
12166
12160
12160
12157
12157
12151
12151
12147
12141
12135
12133
12127
12123
12118
12114
12111
12110
12106
12101
12101
12098
12098
12095
12095
12094
12094
12090
12089
12086
12080
12077
12076
12075
12073
12072
12071
12065
12064
12063
12062
12059
12055
12054
12052
12052
12049
12048
12045
12038
12035
12034
12033
12028
12022
12019
12018
12011
12010
12010
12006
12004
12003
11997
11992
11984
11982
11982
11980
11978
11977
11973
11972
11969
11966
11965
11960
11957
11956
11954
11953
11952
11946
11945
11934
11929
11927
11920
11919
11916
11914
11913
11908
11907
11905
11899
11894
11893
11888
11887
11886
11884
11880
11880
11877
11871
11870
11868
11863
11857
11856
11852
11848
11846
11845
11843
11843
11842
11841
11824
11814
11809
11804
11800
11799
11796
11796
11794
11791
11788
11788
11787
11787
11781
11778
11778
11776
11773
11769
11768
11763
11761
11759
11759
11758
11757
11756
11750
11749
11743
11737
11736
11734
11731
11731
11720
11719
11718
11710
11706
11705
11705
11705
11704
11699
11699
11696
11696
11694
11693
11689
11686
11682
11674
11668
11664
11664
11661
11653
11648
11641
11641
11638
11638
11636
11635
11634
11633
11633
11631
11630
11630
11629
11626
11621
11618
11616
11614
11609
11606
11604
11604
11602
11602
11593
11589
11588
11581
11576
11574
11570
11564
11564
11561
11559
11556
11554
11552
11548
11547
11545
11541
11541
11536
11536
11531
11529
11529
11528
11525
11517
11512
11509
11506
11504
11503
11497
11495
11495
11493
11492
11490
11489
11489
11484
11484
11481
11467
11462
11462
11460
11458
11458
11456
11456
11452
11442
11439
11434
11431
11429
11425
11425
11424
11423
11420
11417
11416
11415
11412
11404
11399
11398
11383
11382
11382
11379
11378
11376
11376
11376
11375
11375
11373
11367
11361
11361
11359
11358
11358
11345
11344
11343
11342
11340
11338
11337
11337
11334
11324
11323
11315
11312
11310
11308
11307
11306
11305
11303
11302
11297
11296
11288
11287
11286
11286
11283
11282
11282
11280
11278
11273
11272
11269
11264
11259
11259
11254
11251
11249
11248
11247
11246
11243
11240
11240
11235
11227
11223
11222
11219
11218
11207
11195
11191
11191
11188
11171
11164
11151
11150
11147
11143
11141
11140
11137
11137
11132
11130
11127
11127
11124
11120
11118
11103
11102
11100
11094
11092
11092
11092
11091
11090
11086
11083
11077
11076
11071
11070
11068
11062
11062
11055
11054
11053
11052
11052
11050
11046
11040
11034
11027
11024
11020
11017
11017
11015
11014
11012
11010
11005
10999
10997
10995
10995
10993
10992
10990
10990
10990
10988
10987
10987
10982
10982
10981
10980
10973
10971
10965
10963
10962
10959
10955
10955
10955
10952
10951
10946
10945
10943
10940
10939
10936
10935
10935
10931
10931
10926
10924
10924
10923
10919
10918
10912
10911
10909
10908
10905
10900
10900
10897
10888
10887
10886
10882
10876
10872
10872
10870
10868
10867
10862
10861
10859
10859
10856
10852
10850
10845
10844
10842
10840
10837
10834
10834
10832
10831
10830
10829
10828
10827
10826
10822
10822
10821
10814
10811
10810
10809
10803
10801
10797
10794
10793
10793
10790
10787
10784
10782
10782
10777
10774
10773
10770
10768
10767
10767
10760
10760
10758
10758
10754
10751
10746
10744
10742
10737
10735
10735
10733
10724
10724
10723
10715
10713
10699
10688
10686
10682
10682
10678
10677
10677
10674
10671
10670
10664
10662
10662
10662
10661
10661
10659
10658
10657
10654
10652
10650
10644
10639
10638
10635
10632
10631
10630
10629
10627
10623
10615
10612
10607
10604
10603
10602
10601
10593
10591
10588
10587
10585
10577
10570
10568
10563
10562
10562
10554
10549
10548
10525
10525
10525
10523
10521
10518
10516
10513
10509
10505
10502
10497
10493
10488
10475
10475
10468
10466
10464
10463
10460
10460
10452
10438
10438
10436
10436
10429
10428
10427
10425
10423
10422
10420
10417
10411
10411
10409
10405
10403
10395
10395
10390
10387
10379
10378
10375
10375
10371
10368
10367
10365
10360
10356
10344
10341
10338
10338
10334
10332
10331
10327
10324
10320
10314
10311
10309
10309
10304
10304
10302
10300
10300
10293
10290
10290
10289
10287
10286
10286
10282
10279
10277
10266
10264
10263
10262
10259
10259
10258
10256
10254
10253
10253
10252
10252
10244
10244
10244
10243
10242
10240
10233
10230
10228
10228
10228
10228
10226
10225
10221
10220
10216
10214
10213
10208
10199
10195
10183
10177
10168
10167
10157
10151
10149
10143
10141
10136
10129
10124
10124
10120
10115
10114
10110
10110
10106
10105
10105
10103
10102
10101
10098
10093
10088
10086
10078
10073
10072
10071
10062
10059
10058
10057
10057
10053
10052
10049
10047
10039
10038
10034
10034
10034
10029
10026
10025
10021
10018
10016
10013
10006
10004
10003
10003
10001
10000
9996
9995
9993
9991
9990
9987
9984
9982
9982
9969
9967
9965
9958
9958
9956
9956
9948
9946
9944
9941
9936
9936
9921
9921
9919
9917
9909
9908
9901
9900
9900
9900
9898
9897
9891
9891
9889
9889
9880
9879
9878
9877
9876
9875
9873
9872
9869
9866
9860
9859
9853
9852
9850
9849
9845
9842
9838
9833
9832
9830
9828
9826
9824
9823
9821
9816
9807
9801
9796
9788
9785
9782
9777
9775
9773
9769
9767
9764
9740
9737
9734
9732
9730
9730
9725
9718
9718
9717
9714
9712
9707
9703
9702
9698
9697
9691
9689
9687
9685
9681
9681
9674
9672
9658
9658
9657
9656
9650
9649
9646
9645
9643
9642
9632
9623
9621
9616
9612
9610
9609
9609
9608
9607
9605
9603
9601
9598
9596
9595
9594
9591
9589
9588
9586
9584
9571
9568
9566
9564
9561
9560
9556
9553
9553
9552
9549
9548
9544
9543
9537
9536
9533
9529
9523
9521
9521
9520
9517
9516
9514
9514
9506
9505
9497
9495
9495
9493
9493
9490
9487
9486
9481
9477
9476
9475
9473
9472
9470
9468
9461
9456
9456
9453
9449
9448
9447
9444
9442
9439
9438
9437
9435
9432
9432
9432
9428
9426
9426
9424
9423
9410
9409
9406
9405
9405
9402
9402
9401
9395
9390
9389
9384
9384
9378
9376
9372
9357
9350
9335
9335
9331
9328
9327
9325
9323
9323
9314
9313
9312
9312
9305
9292
9291
9285
9280
9276
9267
9267
9266
9263
9258
9258
9257
9256
9256
9252
9249
9247
9247
9243
9237
9237
9230
9229
9225
9225
9221
9220
9216
9211
9209
9203
9196
9191
9185
9175
9174
9173
9172
9172
9161
9158
9156
9145
9142
9134
9130
9127
9122
9115
9114
9111
9109
9100
9100
9098
9093
9091
9091
9089
9089
9088
9086
9076
9073
9072
9070
9057
9052
9052
9049
9048
9043
9043
9041
9040
9035
9029
9023
9022
9020
9014
9014
9009
9007
9003
8996
8993
8993
8989
8987
8987
8986
8981
8973
8972
8969
8969
8968
8966
8959
8957
8951
8950
8949
8946
8941
8940
8940
8938
8937
8937
8935
8931
8928
8927
8925
8925
8924
8922
8920
8919
8914
8912
8912
8910
8905
8902
8901
8895
8891
8883
8880
8878
8877
8872
8871
8871
8868
8867
8867
8860
8859
8853
8852
8851
8848
8847
8844
8837
8835
8822
8822
8819
8818
8816
8808
8804
8804
8803
8803
8796
8794
8793
8791
8790
8789
8789
8788
8783
8782
8769
8765
8765
8762
8750
8746
8745
8742
8740
8739
8739
8736
8736
8733
8730
8726
8724
8720
8720
8719
8714
8711
8711
8708
8705
8704
8691
8687
8683
8682
8682
8677
8675
8675
8674
8670
8664
8658
8653
8652
8647
8646
8646
8645
8644
8634
8630
8623
8623
8621
8616
8616
8610
8609
8602
8597
8595
8592
8591
8589
8586
8581
8561
8560
8559
8557
8550
8550
8544
8544
8541
8539
8537
8534
8534
8534
8532
8531
8526
8516
8515
8514
8503
8502
8501
8500
8499
8498
8494
8485
8480
8479
8477
8468
8463
8462
8456
8442
8441
8439
8434
8432
8419
8418
8417
8417
8414
8405
8404
8400
8400
8400
8395
8391
8389
8383
8383
8381
8379
8379
8377
8376
8373
8373
8370
8370
8368
8367
8366
8363
8358
8357
8352
8352
8351
8348
8344
8341
8338
8336
8336
8334
8332
8327
8326
8316
8312
8312
8302
8294
8293
8293
8289
8285
8284
8274
8272
8271
8268
8262
8262
8257
8252
8251
8248
8245
8243
8242
8242
8236
8234
8229
8221
8218
8215
8213
8210
8208
8207
8205
8191
8189
8186
8180
8180
8176
8174
8161
8160
8155
8154
8151
8151
8150
8150
8148
8145
8142
8141
8136
8130
8126
8121
8113
8112
8112
8111
8110
8109
8105
8104
8103
8103
8100
8093
8091
8091
8086
8082
8076
8072
8068
8067
8067
8067
8063
8055
8049
8048
8045
8038
8037
8035
8035
8033
8033
8033
8030
8027
8014
8010
7999
7998
7997
7996
7986
7980
7976
7974
7973
7970
7969
7964
7964
7945
7944
7944
7943
7942
7941
7941
7941
7938
7927
7923
7915
7903
7897
7896
7895
7895
7891
7888
7880
7875
7873
7873
7870
7866
7858
7853
7847
7845
7843
7842
7842
7835
7832
7830
7829
7827
7826
7824
7820
7816
7815
7802
7795
7794
7784
7783
7775
7771
7768
7764
7759
7757
7752
7751
7749
7749
7744
7744
7743
7736
7733
7731
7731
7727
7726
7724
7723
7721
7715
7699
7695
7693
7689
7688
7687
7677
7672
7671
7667
7666
7665
7665
7665
7654
7652
7650
7643
7639
7633
7632
7631
7626
7618
7610
7610
7608
7604
7604
7602
7599
7598
7597
7591
7590
7586
7583
7582
7579
7575
7573
7570
7566
7559
7558
7555
7551
7551
7546
7540
7540
7535
7530
7528
7526
7524
7523
7515
7514
7513
7510
7508
7505
7502
7499
7496
7494
7492
7490
7480
7470
7468
7462
7461
7457
7452
7447
7438
7434
7434
7434
7427
7426
7423
7421
7421
7415
7413
7407
7403
7400
7399
7395
7393
7377
7376
7368
7365
7361
7351
7346
7337
7335
7329
7326
7322
7314
7313
7313
7312
7307
7305
7304
7304
7300
7298
7289
7289
7289
7287
7284
7279
7279
7277
7274
7273
7266
7264
7261
7259
7258
7250
7246
7243
7240
7237
7234
7234
7231
7228
7215
7214
7213
7206
7203
7203
7202
7200
7199
7195
7194
7191
7179
7176
7176
7174
7173
7170
7170
7169
7165
7165
7155
7150
7144
7140
7138
7134
7130
7126
7124
7123
7121
7119
7116
7108
7104
7103
7101
7095
7093
7091
7090
7089
7089
7084
7083
7080
7080
7080
7078
7077
7075
7075
7073
7072
7070
7069
7069
7063
7059
7055
7043
7043
7043
7040
7038
7027
7020
7013
7012
7011
7010
7003
7000
6995
6995
6986
6984
6977
6975
6975
6973
6972
6967
6960
6959
6957
6956
6955
6955
6953
6951
6950
6946
6945
6938
6938
6935
6931
6931
6929
6926
6923
6921
6920
6916
6913
6911
6910
6909
6909
6905
6896
6893
6891
6890
6886
6884
6883
6880
6880
6878
6877
6875
6868
6864
6861
6859
6856
6854
6852
6850
6850
6846
6846
6846
6843
6842
6841
6840
6836
6835
6835
6833
6819
6818
6817
6816
6812
6809
6805
6799
6796
6794
6791
6784
6781
6777
6759
6758
6757
6757
6756
6755
6754
6753
6750
6748
6744
6743
6742
6739
6730
6721
6719
6714
6713
6706
6700
6697
6689
6686
6680
6678
6677
6668
6667
6664
6663
6663
6663
6660
6656
6655
6653
6653
6648
6645
6639
6628
6618
6617
6615
6615
6614
6608
6607
6603
6602
6602
6601
6598
6596
6596
6594
6593
6592
6592
6589
6575
6573
6572
6567
6567
6565
6554
6546
6539
6538
6538
6537
6536
6529
6529
6526
6519
6515
6512
6506
6506
6499
6499
6495
6493
6491
6488
6486
6485
6483
6482
6481
6480
6478
6478
6475
6469
6465
6465
6463
6463
6462
6459
6458
6454
6453
6453
6443
6443
6440
6422
6419
6418
6412
6412
6411
6404
6400
6398
6398
6390
6388
6387
6376
6375
6362
6342
6341
6340
6339
6336
6330
6327
6324
6324
6316
6313
6311
6309
6304
6300
6300
6289
6280
6277
6274
6270
6268
6268
6262
6260
6248
6241
6240
6235
6233
6229
6227
6227
6218
6218
6217
6211
6211
6209
6205
6204
6203
6202
6199
6195
6195
6193
6184
6178
6172
6164
6162
6161
6158
6156
6154
6153
6150
6150
6146
6139
6135
6128
6126
6114
6111
6110
6102
6093
6086
6083
6082
6077
6077
6076
6069
6068
6059
6053
6042
6035
6028
6025
6025
6023
6019
6018
6011
6011
6007
6003
5992
5991
5989
5988
5985
5979
5975
5967
5967
5964
5962
5959
5958
5957
5953
5946
5942
5939
5938
5937
5936
5930
5926
5926
5913
5903
5902
5899
5896
5895
5892
5886
5879
5876
5873
5873
5872
5868
5867
5862
5862
5859
5850
5848
5848
5847
5847
5847
5845
5844
5842
5836
5835
5828
5828
5818
5818
5817
5817
5807
5805
5805
5804
5800
5797
5794
5792
5791
5791
5790
5781
5779
5775
5775
5773
5772
5769
5756
5756
5753
5740
5737
5736
5733
5731
5729
5726
5726
5726
5724
5722
5719
5716
5715
5713
5712
5710
5710
5704
5702
5696
5691
5691
5689
5689
5686
5682
5676
5669
5668
5666
5651
5650
5646
5646
5643
5641
5640
5636
5635
5610
5584
5583
5583
5577
5576
5576
5575
5567
5561
5558
5556
5556
5542
5541
5539
5533
5533
5532
5532
5526
5520
5520
5515
5513
5510
5509
5508
5508
5499
5497
5495
5490
5489
5487
5485
5479
5478
5473
5472
5469
5467
5465
5465
5463
5452
5450
5450
5450
5447
5441
5437
5437
5430
5429
5428
5426
5425
5422
5419
5412
5412
5410
5402
5400
5377
5373
5370
5368
5367
5366
5361
5358
5349
5349
5343
5341
5340
5339
5338
5336
5335
5331
5331
5331
5330
5328
5328
5326
5319
5312
5309
5306
5305
5303
5300
5296
5293
5288
5287
5287
5285
5282
5277
5276
5275
5262
5260
5259
5259
5258
5248
5247
5245
5243
5241
5241
5240
5238
5232
5229
5228
5227
5226
5225
5223
5222
5220
5216
5208
5206
5202
5196
5193
5193
5191
5190
5188
5184
5183
5178
5172
5171
5161
5160
5156
5155
5148
5148
5144
5144
5144
5143
5140
5129
5127
5124
5116
5108
5106
5106
5105
5103
5085
5079
5078
5071
5064
5063
5060
5051
5045
5043
5042
5040
5036
5031
5029
5026
5022
5008
5006
5001
4997
4996
4995
4991
4989
4988
4985
4983
4979
4970
4970
4968
4958
4958
4958
4954
4952
4950
4947
4946
4939
4934
4932
4928
4919
4917
4914
4908
4906
4906
4903
4900
4899
4896
4895
4892
4891
4888
4887
4887
4887
4882
4881
4873
4873
4871
4868
4857
4855
4855
4853
4847
4846
4840
4839
4838
4835
4829
4829
4821
4819
4819
4792
4791
4790
4789
4784
4783
4779
4777
4776
4774
4769
4766
4764
4762
4760
4755
4754
4752
4749
4746
4745
4744
4743
4742
4739
4739
4736
4732
4731
4730
4729
4724
4720
4719
4714
4710
4707
4705
4704
4702
4699
4694
4684
4682
4669
4668
4663
4663
4658
4657
4648
4648
4646
4646
4645
4640
4639
4638
4629
4627
4625
4624
4621
4619
4619
4617
4614
4611
4606
4605
4603
4601
4600
4599
4597
4593
4592
4591
4587
4585
4584
4584
4581
4579
4575
4571
4568
4562
4559
4558
4557
4556
4552
4546
4536
4534
4528
4527
4527
4512
4511
4510
4508
4507
4503
4498
4497
4487
4484
4477
4476
4476
4475
4474
4464
4463
4457
4457
4451
4450
4449
4442
4437
4435
4429
4423
4421
4418
4415
4410
4408
4406
4405
4403
4399
4397
4395
4395
4393
4391
4389
4384
4380
4375
4374
4374
4369
4368
4366
4366
4360
4359
4358
4358
4355
4352
4348
4344
4341
4339
4337
4333
4332
4330
4327
4325
4323
4321
4317
4316
4316
4313
4308
4299
4298
4293
4288
4287
4284
4282
4282
4282
4281
4279
4276
4257
4249
4247
4241
4239
4236
4235
4234
4233
4229
4227
4224
4221
4215
4215
4213
4207
4204
4200
4200
4198
4192
4192
4188
4181
4181
4175
4173
4171
4170
4165
4164
4161
4158
4156
4156
4154
4146
4138
4137
4133
4133
4130
4128
4125
4124
4124
4123
4119
4110
4105
4100
4100
4097
4096
4095
4094
4089
4086
4086
4082
4081
4076
4075
4073
4069
4069
4069
4066
4064
4061
4061
4055
4053
4047
4046
4045
4040
4039
4035
4035
4034
4031
4027
4015
4014
4014
4013
4011
4010
4008
4008
4008
4007
4004
4003
4002
3999
3993
3988
3986
3982
3982
3973
3970
3963
3960
3958
3953
3951
3945
3938
3936
3928
3926
3926
3925
3923
3921
3921
3919
3918
3911
3910
3910
3908
3904
3900
3899
3889
3889
3882
3879
3876
3875
3872
3870
3870
3861
3859
3857
3856
3856
3854
3852
3852
3843
3840
3830
3830
3829
3824
3823
3820
3819
3816
3813
3812
3810
3810
3808
3803
3800
3798
3796
3792
3790
3789
3786
3780
3780
3777
3774
3774
3769
3767
3766
3764
3764
3764
3759
3756
3753
3752
3750
3743
3743
3738
3738
3737
3737
3737
3732
3730
3730
3729
3727
3724
3721
3716
3714
3714
3712
3712
3709
3708
3705
3704
3702
3701
3697
3696
3685
3683
3683
3682
3681
3678
3676
3667
3663
3662
3661
3655
3655
3647
3647
3645
3644
3643
3641
3640
3635
3634
3632
3632
3630
3628
3623
3616
3615
3614
3610
3607
3606
3595
3593
3591
3588
3579
3572
3572
3566
3560
3559
3557
3553
3552
3550
3547
3536
3536
3533
3531
3529
3525
3515
3507
3504
3494
3489
3483
3455
3454
3454
3450
3448
3443
3442
3440
3438
3435
3430
3428
3428
3422
3420
3420
3418
3408
3407
3407
3407
3407
3404
3400
3396
3395
3389
3386
3384
3384
3381
3379
3374
3373
3371
3365
3365
3364
3363
3360
3358
3354
3349
3319
3316
3316
3306
3306
3304
3303
3302
3300
3296
3296
3296
3294
3294
3292
3291
3291
3290
3290
3285
3285
3283
3281
3280
3278
3277
3272
3269
3267
3266
3266
3259
3256
3253
3253
3252
3252
3246
3242
3240
3238
3233
3233
3231
3221
3221
3219
3212
3211
3209
3207
3205
3201
3196
3193
3184
3182
3180
3175
3173
3170
3161
3157
3155
3154
3154
3153
3150
3145
3141
3141
3140
3139
3136
3135
3132
3131
3130
3123
3113
3112
3110
3102
3099
3098
3097
3096
3095
3094
3076
3069
3063
3062
3061
3055
3050
3050
3046
3045
3044
3039
3039
3033
3030
3024
3023
3016
3011
3010
3010
3010
3008
3007
2995
2995
2988
2982
2982
2981
2979
2977
2975
2969
2969
2966
2965
2964
2961
2959
2957
2956
2954
2949
2948
2946
2944
2942
2936
2934
2932
2929
2923
2923
2921
2918
2911
2900
2899
2895
2893
2890
2888
2886
2885
2885
2883
2882
2881
2876
2875
2875
2870
2868
2865
2865
2864
2860
2856
2855
2848
2844
2843
2836
2836
2833
2832
2830
2829
2827
2827
2824
2823
2822
2816
2814
2810
2807
2806
2799
2794
2791
2790
2789
2788
2783
2782
2779
2775
2774
2764
2763
2762
2761
2760
2757
2755
2755
2746
2746
2739
2733
2729
2727
2726
2724
2723
2709
2707
2704
2698
2696
2686
2685
2684
2683
2677
2674
2673
2673
2671
2671
2667
2663
2663
2663
2661
2661
2660
2659
2650
2646
2645
2645
2640
2631
2631
2629
2628
2625
2620
2620
2615
2612
2612
2611
2611
2605
2598
2597
2597
2596
2592
2590
2587
2586
2585
2584
2578
2576
2576
2565
2550
2547
2547
2541
2540
2537
2537
2533
2531
2531
2529
2526
2525
2523
2522
2521
2515
2515
2512
2506
2505
2505
2499
2490
2484
2477
2474
2472
2470
2463
2463
2453
2447
2443
2443
2443
2438
2435
2433
2425
2423
2423
2412
2412
2408
2406
2401
2393
2390
2389
2388
2388
2385
2379
2378
2373
2372
2370
2367
2366
2366
2364
2361
2355
2355
2354
2351
2350
2349
2346
2342
2336
2335
2329
2323
2318
2318
2312
2312
2310
2310
2306
2304
2304
2301
2297
2296
2295
2293
2287
2287
2282
2275
2273
2272
2270
2269
2267
2263
2259
2257
2250
2249
2247
2245
2243
2237
2236
2235
2230
2229
2229
2229
2223
2221
2215
2213
2211
2211
2209
2201
2199
2197
2195
2195
2189
2189
2187
2187
2187
2185
2181
2180
2179
2175
2173
2172
2164
2163
2160
2157
2153
2152
2148
2148
2147
2146
2145
2142
2135
2133
2133
2130
2130
2127
2124
2119
2117
2114
2113
2112
2110
2104
2104
2101
2100
2096
2090
2089
2086
2084
2084
2079
2076
2073
2073
2071
2066
2062
2059
2057
2055
2054
2054
2050
2044
2043
2042
2040
2040
2038
2034
2030
2026
2025
2019
2018
2018
2013
2013
2013
2010
2009
2009
2004
2003
2001
1992
1991
1985
1973
1972
1972
1964
1963
1961
1954
1953
1949
1947
1946
1944
1943
1942
1938
1930
1928
1927
1915
1909
1903
1899
1895
1893
1889
1884
1868
1866
1863
1862
1859
1857
1846
1844
1843
1841
1837
1835
1829
1829
1828
1825
1821
1808
1807
1804
1803
1803
1801
1800
1800
1798
1795
1794
1793
1791
1790
1789
1789
1788
1787
1786
1785
1782
1779
1769
1762
1760
1757
1753
1745
1732
1730
1727
1701
1695
1695
1690
1688
1684
1678
1676
1673
1671
1667
1666
1663
1662
1658
1655
1655
1647
1647
1643
1640
1639
1630
1626
1622
1621
1621
1620
1619
1618
1618
1616
1616
1613
1611
1611
1598
1597
1594
1591
1589
1585
1583
1583
1582
1580
1580
1576
1574
1574
1574
1569
1567
1566
1564
1564
1564
1563
1558
1557
1552
1549
1548
1546
1546
1544
1542
1540
1539
1537
1535
1529
1526
1516
1511
1511
1510
1505
1502
1501
1498
1497
1495
1491
1490
1485
1484
1483
1468
1463
1463
1458
1457
1455
1454
1449
1448
1446
1445
1428
1420
1418
1413
1411
1410
1408
1408
1399
1399
1399
1395
1395
1395
1393
1389
1389
1388
1383
1380
1380
1380
1379
1377
1377
1376
1375
1373
1370
1369
1368
1363
1362
1349
1345
1340
1338
1337
1335
1334
1334
1326
1326
1322
1317
1314
1311
1310
1309
1309
1308
1303
1290
1288
1287
1286
1274
1262
1261
1260
1258
1258
1254
1252
1252
1251
1251
1248
1233
1232
1232
1230
1229
1222
1221
1220
1218
1211
1207
1205
1204
1201
1199
1192
1191
1191
1188
1184
1183
1180
1180
1166
1162
1160
1147
1145
1143
1135
1132
1132
1121
1116
1114
1113
1111
1110
1109
1106
1097
1095
1092
1092
1087
1085
1084
1083
1074
1074
1072
1069
1067
1066
1063
1059
1050
1046
1044
1044
1042
1041
1038
1026
1025
1025
1022
1022
1022
1011
1002
997
991
990
989
989
983
982
979
978
977
976
973
971
960
959
957
948
946
946
945
944
938
932
932
927
926
925
924
923
919
919
916
914
909
909
908
906
905
897
897
895
892
888
883
882
881
877
876
876
869
866
863
862
862
861
860
847
847
846
844
842
837
835
833
832
825
822
813
799
799
798
793
793
791
789
776
775
773
770
769
767
760
759
757
756
748
747
746
746
743
735
732
731
729
729
723
721
721
716
700
699
699
692
691
691
689
687
680
679
679
668
660
660
657
654
653
644
643
642
635
628
625
617
613
609
609
599
596
594
593
588
588
584
583
581
580
577
570
570
567
564
555
551
548
547
544
539
539
538
538
537
537
534
529
526
513
510
506
506
506
502
500
500
500
490
480
475
474
472
472
470
467
460
454
454
449
447
442
441
440
436
434
429
426
425
423
420
418
414
413
413
413
409
406
406
405
399
397
395
393
387
378
375
375
374
374
371
363
362
361
361
358
352
350
350
346
343
342
341
334
334
328
320
320
320
318
317
315
315
314
309
307
306
306
300
300
297
292
291
291
285
281
278
267
267
258
253
253
251
250
246
243
240
238
238
236
234
232
231
231
230
227
226
220
219
213
211
206
205
202
197
197
192
190
189
188
187
183
172
171
171
171
170
169
166
161
158
157
154
153
152
149
141
139
138
138
136
131
127
119
118
116
115
112
110
108
107
102
102
93
86
82
82
78
73
62
47
46
44
42
41
30
26
26
24
22
22
21
18
12
12
8
2
1
